digraph{
0
1
2
0 -> 2
1 -> 2
3
4
3 -> 4
5
6
4 -> 6
5 -> 6
7
8
7 -> 8
9
11
9 -> 11
8 -> 11
12
13
11 -> 13
12 -> 13
15
16
13 -> 16
15 -> 16
17
18
16 -> 18
17 -> 18
20
21
13 -> 21
20 -> 21
22
23
21 -> 23
22 -> 23
25
26
13 -> 26
25 -> 26
27
28
26 -> 28
27 -> 28
30
31
13 -> 31
30 -> 31
32
33
31 -> 33
32 -> 33
35
36
13 -> 36
35 -> 36
37
38
36 -> 38
37 -> 38
40
41
13 -> 41
40 -> 41
42
43
41 -> 43
42 -> 43
45
46
13 -> 46
45 -> 46
47
48
46 -> 48
47 -> 48
50
51
13 -> 51
50 -> 51
52
53
51 -> 53
52 -> 53
55
56
13 -> 56
55 -> 56
57
58
56 -> 58
57 -> 58
60
61
13 -> 61
60 -> 61
62
63
61 -> 63
62 -> 63
65
66
13 -> 66
65 -> 66
67
68
66 -> 68
67 -> 68
70
71
13 -> 71
70 -> 71
72
73
71 -> 73
72 -> 73
75
76
13 -> 76
75 -> 76
77
78
76 -> 78
77 -> 78
80
81
13 -> 81
80 -> 81
82
83
81 -> 83
82 -> 83
85
86
13 -> 86
85 -> 86
87
88
86 -> 88
87 -> 88
90
91
13 -> 91
90 -> 91
92
93
91 -> 93
92 -> 93
95
96
13 -> 96
95 -> 96
97
98
96 -> 98
97 -> 98
100
101
13 -> 101
100 -> 101
102
103
101 -> 103
102 -> 103
105
106
13 -> 106
105 -> 106
107
108
106 -> 108
107 -> 108
110
111
110 -> 111
112
113
111 -> 113
112 -> 113
115
116
119
116 -> 119
121
122
116 -> 122
121 -> 122
126
122 -> 126
127
116 -> 127
128
129
128 -> 129
131
132
133
135
136
131 -> 136
135 -> 136
137
138
136 -> 138
137 -> 138
140
138 -> 140
133 -> 140
141
142
133 -> 142
141 -> 142
145
132 -> 145
142 -> 145
146
147
142 -> 147
146 -> 147
148
149
147 -> 149
148 -> 149
150
152
149 -> 152
154
155
150 -> 155
154 -> 155
157
155 -> 157
152 -> 157
158
159
157 -> 159
158 -> 159
160
159 -> 160
161
160 -> 161
162
163
161 -> 163
162 -> 163
166
167
168
171
119 -> 171
168 -> 171
172
173
168 -> 173
172 -> 173
176
167 -> 176
173 -> 176
177
178
173 -> 178
177 -> 178
179
180
178 -> 180
179 -> 180
181
182
180 -> 182
181 -> 182
183
185
182 -> 185
187
188
183 -> 188
187 -> 188
190
188 -> 190
185 -> 190
191
192
190 -> 192
191 -> 192
193
194
192 -> 194
193 -> 194
195
166 -> 195
194 -> 195
196
195 -> 196
197
198
196 -> 198
197 -> 198
201
202
203
206
119 -> 206
203 -> 206
207
208
203 -> 208
207 -> 208
211
202 -> 211
208 -> 211
212
213
208 -> 213
212 -> 213
214
215
213 -> 215
214 -> 215
216
218
219
201 -> 219
218 -> 219
220
221
219 -> 221
220 -> 221
223
221 -> 223
216 -> 223
224
225
216 -> 225
224 -> 225
228
215 -> 228
225 -> 228
229
230
225 -> 230
229 -> 230
231
232
230 -> 232
231 -> 232
233
235
232 -> 235
237
238
233 -> 238
237 -> 238
240
238 -> 240
235 -> 240
241
242
240 -> 242
241 -> 242
243
242 -> 243
244
245
243 -> 245
244 -> 245
247
248
249
252
119 -> 252
249 -> 252
253
254
249 -> 254
253 -> 254
257
248 -> 257
254 -> 257
258
259
254 -> 259
258 -> 259
260
261
259 -> 261
260 -> 261
262
263
264
265
263 -> 265
264 -> 265
266
267
265 -> 267
266 -> 267
269
267 -> 269
262 -> 269
270
271
262 -> 271
270 -> 271
274
261 -> 274
271 -> 274
275
276
271 -> 276
275 -> 276
277
278
276 -> 278
277 -> 278
279
280
281
279 -> 281
280 -> 281
283
278 -> 283
285
286
281 -> 286
285 -> 286
287
286 -> 287
288
283 -> 288
287 -> 288
291
247 -> 291
292
291 -> 292
293
281 -> 293
292 -> 293
294
288 -> 294
293 -> 294
296
294 -> 296
278 -> 296
297
247 -> 297
299
300
301
299 -> 301
300 -> 301
302
303
304
303 -> 304
307
304 -> 307
308
309
308 -> 309
312
309 -> 312
304 -> 312
314
119 -> 314
301 -> 314
302 -> 314
312 -> 314
309 -> 314
315
317
318
317 -> 318
320
321
323
324
327
119 -> 327
324 -> 327
328
329
324 -> 329
328 -> 329
332
323 -> 332
329 -> 332
333
334
329 -> 334
333 -> 334
335
336
334 -> 336
335 -> 336
337
338
336 -> 338
337 -> 338
339
341
338 -> 341
343
344
339 -> 344
343 -> 344
346
344 -> 346
341 -> 346
347
348
346 -> 348
347 -> 348
349
348 -> 349
350
351
349 -> 351
350 -> 351
353
354
357
119 -> 357
354 -> 357
358
359
354 -> 359
358 -> 359
362
353 -> 362
359 -> 362
363
364
359 -> 364
363 -> 364
365
366
364 -> 366
365 -> 366
368
320 -> 368
369
371
372
371 -> 372
374
375
376
377
379
375 -> 379
380
382
376 -> 382
384
386
384 -> 386
388
384 -> 388
390
386 -> 390
380 -> 390
391
390 -> 391
392
393
391 -> 393
392 -> 393
394
395
398
119 -> 398
395 -> 398
399
400
395 -> 400
399 -> 400
403
394 -> 403
400 -> 403
404
405
400 -> 405
404 -> 405
406
407
405 -> 407
406 -> 407
408
409
412
409 -> 412
414
412 -> 414
380 -> 414
415
414 -> 415
416
415 -> 416
417
418
416 -> 418
417 -> 418
421
422
409 -> 422
421 -> 422
423
424
425
423 -> 425
424 -> 425
427
425 -> 427
380 -> 427
428
431
427 -> 431
433
434
428 -> 434
433 -> 434
436
434 -> 436
431 -> 436
437
438
436 -> 438
437 -> 438
439
440
438 -> 440
439 -> 440
441
442
440 -> 442
441 -> 442
444
442 -> 444
408 -> 444
445
446
408 -> 446
445 -> 446
449
407 -> 449
446 -> 449
450
451
446 -> 451
450 -> 451
452
453
451 -> 453
452 -> 453
454
456
453 -> 456
458
459
454 -> 459
458 -> 459
461
459 -> 461
456 -> 461
462
463
461 -> 463
462 -> 463
464
463 -> 464
465
466
464 -> 466
465 -> 466
467
469
467 -> 469
377 -> 469
471
377 -> 471
473
474
473 -> 474
476
474 -> 476
469 -> 476
477
476 -> 477
478
479
477 -> 479
478 -> 479
484
485
380 -> 485
484 -> 485
487
380 -> 487
488
380 -> 488
489
490
489 -> 490
492
494
492 -> 494
496
492 -> 496
498
494 -> 498
485 -> 498
499
498 -> 499
500
501
499 -> 501
500 -> 501
502
503
506
119 -> 506
503 -> 506
507
508
503 -> 508
507 -> 508
511
502 -> 511
508 -> 511
512
513
508 -> 513
512 -> 513
514
515
513 -> 515
514 -> 515
516
517
520
517 -> 520
522
520 -> 522
485 -> 522
523
522 -> 523
524
523 -> 524
525
526
524 -> 526
525 -> 526
529
530
517 -> 530
529 -> 530
531
532
533
531 -> 533
532 -> 533
535
533 -> 535
485 -> 535
536
539
535 -> 539
541
542
536 -> 542
541 -> 542
544
542 -> 544
539 -> 544
545
546
544 -> 546
545 -> 546
547
548
546 -> 548
547 -> 548
549
550
548 -> 550
549 -> 550
552
550 -> 552
516 -> 552
553
554
516 -> 554
553 -> 554
557
515 -> 557
554 -> 557
558
559
554 -> 559
558 -> 559
560
561
559 -> 561
560 -> 561
562
564
561 -> 564
566
567
562 -> 567
566 -> 567
569
567 -> 569
564 -> 569
570
571
569 -> 571
570 -> 571
572
571 -> 572
573
574
572 -> 574
573 -> 574
575
577
575 -> 577
469 -> 577
579
469 -> 579
581
582
581 -> 582
584
582 -> 584
577 -> 584
585
584 -> 585
586
587
585 -> 587
586 -> 587
588
590
374 -> 590
591
592
591 -> 592
594
485 -> 594
595
577 -> 595
598
119 -> 598
599
369 -> 599
602
321 -> 602
605
606
588 -> 606
605 -> 606
608
588 -> 608
609
610
608 -> 610
609 -> 610
611
613
614
366 -> 614
613 -> 614
615
616
617
615 -> 617
616 -> 617
619
614 -> 619
621
622
617 -> 622
621 -> 622
623
622 -> 623
624
619 -> 624
623 -> 624
627
611 -> 627
628
627 -> 628
629
617 -> 629
628 -> 629
630
624 -> 630
629 -> 630
632
630 -> 632
614 -> 632
633
611 -> 633
635
588 -> 635
636
635 -> 636
637
638
636 -> 638
637 -> 638
641
642
366 -> 642
641 -> 642
643
645
642 -> 645
647
648
643 -> 648
647 -> 648
650
648 -> 650
645 -> 650
651
652
650 -> 652
651 -> 652
653
654
652 -> 654
653 -> 654
656
657
366 -> 657
656 -> 657
658
657 -> 658
660
661
366 -> 661
660 -> 661
662
663
662 -> 663
667
661 -> 667
668
670
671
667 -> 671
670 -> 671
672
671 -> 672
673
674
672 -> 674
673 -> 674
675
668 -> 675
674 -> 675
676
667 -> 676
675 -> 676
677
679
677 -> 679
676 -> 679
681
679 -> 681
682
683
681 -> 683
682 -> 683
685
686
679 -> 686
685 -> 686
687
688
686 -> 688
687 -> 688
691
679 -> 691
663 -> 691
694
695
661 -> 695
694 -> 695
696
697
698
696 -> 698
697 -> 698
702
698 -> 702
704
702 -> 704
663 -> 704
706
707
698 -> 707
706 -> 707
709
710
663 -> 710
709 -> 710
713
710 -> 713
691 -> 713
714
715
713 -> 715
714 -> 715
718
707 -> 718
720
718 -> 720
710 -> 720
722
723
707 -> 723
722 -> 723
725
726
710 -> 726
725 -> 726
729
726 -> 729
691 -> 729
730
731
729 -> 731
730 -> 731
734
723 -> 734
736
734 -> 736
726 -> 736
738
739
723 -> 739
738 -> 739
741
742
726 -> 742
741 -> 742
745
742 -> 745
691 -> 745
746
747
745 -> 747
746 -> 747
750
691 -> 750
742 -> 750
751
752
750 -> 752
751 -> 752
754
752 -> 754
691 -> 754
757
691 -> 757
758
739 -> 758
760
661 -> 760
761
663 -> 761
762
763
764
763 -> 764
767
764 -> 767
754 -> 767
771
772
773
771 -> 773
772 -> 773
774
762 -> 774
764 -> 774
767 -> 774
764 -> 774
658 -> 774
654 -> 774
773 -> 774
776
654 -> 776
777
754 -> 777
778
658 -> 778
779
774 -> 779
780
781
779 -> 781
780 -> 781
783
784
785
784 -> 785
788
785 -> 788
789
790
789 -> 790
793
790 -> 793
785 -> 793
795
119 -> 795
783 -> 795
793 -> 795
790 -> 795
796
797
796 -> 797
802
119 -> 802
803
588 -> 803
804
366 -> 804
805
119 -> 805
806
315 -> 806
810
201 -> 810
811
119 -> 811
813
119 -> 813
815
131 -> 815
816
119 -> 816
817
115 -> 817
}