digraph{
0
1
2
0 -> 2
1 -> 2
3
4
3 -> 4
5
6
4 -> 6
5 -> 6
7
8
7 -> 8
9
11
9 -> 11
8 -> 11
13
14
11 -> 14
13 -> 14
15
16
14 -> 16
15 -> 16
18
19
11 -> 19
18 -> 19
20
21
19 -> 21
20 -> 21
23
24
11 -> 24
23 -> 24
25
26
24 -> 26
25 -> 26
28
29
11 -> 29
28 -> 29
30
31
29 -> 31
30 -> 31
33
34
11 -> 34
33 -> 34
35
36
34 -> 36
35 -> 36
38
39
11 -> 39
38 -> 39
40
41
39 -> 41
40 -> 41
43
44
11 -> 44
43 -> 44
45
46
44 -> 46
45 -> 46
48
49
11 -> 49
48 -> 49
50
51
49 -> 51
50 -> 51
53
54
11 -> 54
53 -> 54
55
56
54 -> 56
55 -> 56
58
59
11 -> 59
58 -> 59
60
61
59 -> 61
60 -> 61
63
64
67
64 -> 67
69
70
64 -> 70
69 -> 70
74
70 -> 74
75
64 -> 75
76
77
76 -> 77
79
81
83
84
83 -> 84
86
87
88
89
90
91
92
91 -> 92
93
94
95
96
94 -> 96
95 -> 96
98
96 -> 98
93 -> 98
99
100
93 -> 100
99 -> 100
103
90 -> 103
100 -> 103
104
105
100 -> 105
104 -> 105
106
107
105 -> 107
106 -> 107
108
109
108 -> 109
110
107 -> 110
112
87 -> 112
113
115
113 -> 115
110 -> 115
116
115 -> 116
117
118
116 -> 118
117 -> 118
120
121
122
121 -> 122
123
126
67 -> 126
123 -> 126
127
128
123 -> 128
127 -> 128
131
120 -> 131
128 -> 131
132
133
128 -> 133
132 -> 133
134
135
133 -> 135
134 -> 135
136
137
136 -> 137
139
88 -> 139
140
142
143
135 -> 143
142 -> 143
144
145
144 -> 145
146
143 -> 146
147
140 -> 147
146 -> 147
148
147 -> 148
149
150
148 -> 150
149 -> 150
153
154
110 -> 154
153 -> 154
156
89 -> 156
157
160
161
135 -> 161
160 -> 161
162
163
162 -> 163
164
161 -> 164
165
154 -> 165
164 -> 165
166
157 -> 166
165 -> 166
167
166 -> 167
168
169
167 -> 169
168 -> 169
170
171
173
174
173 -> 174
177
178
171 -> 178
177 -> 178
180
178 -> 180
174 -> 180
181
182
174 -> 182
181 -> 182
185
67 -> 185
182 -> 185
186
187
182 -> 187
186 -> 187
189
171 -> 189
190
174 -> 190
191
67 -> 191
192
193
192 -> 193
196
193 -> 196
187 -> 196
198
170 -> 198
196 -> 198
193 -> 198
199
201
202
135 -> 202
201 -> 202
203
204
203 -> 204
205
202 -> 205
206
199 -> 206
205 -> 206
207
206 -> 207
208
207 -> 208
209
210
208 -> 210
209 -> 210
211
212
213
212 -> 213
214
215
216
215 -> 216
217
220
67 -> 220
217 -> 220
221
222
217 -> 222
221 -> 222
225
214 -> 225
222 -> 225
226
227
222 -> 227
226 -> 227
228
229
227 -> 229
228 -> 229
230
231
230 -> 231
232
233
229 -> 233
232 -> 233
234
235
234 -> 235
236
233 -> 236
238
211 -> 238
240
238 -> 240
236 -> 240
241
240 -> 241
242
243
241 -> 243
242 -> 243
245
246
211 -> 246
245 -> 246
247
248
249
247 -> 249
248 -> 249
251
249 -> 251
236 -> 251
252
254
252 -> 254
255
257
255 -> 257
251 -> 257
258
259
260
259 -> 260
261
264
67 -> 264
261 -> 264
265
266
261 -> 266
265 -> 266
269
258 -> 269
266 -> 269
270
271
266 -> 271
270 -> 271
272
273
271 -> 273
272 -> 273
274
275
277
275 -> 277
273 -> 277
278
279
278 -> 279
280
282
280 -> 282
277 -> 282
283
285
283 -> 285
273 -> 285
286
287
286 -> 287
288
290
288 -> 290
285 -> 290
291
293
291 -> 293
273 -> 293
294
295
294 -> 295
296
298
296 -> 298
293 -> 298
299
274 -> 299
300
273 -> 300
301
303
86 -> 303
304
305
304 -> 305
307
154 -> 307
308
135 -> 308
309
110 -> 309
312
67 -> 312
313
81 -> 313
315
301 -> 315
316
317
315 -> 317
316 -> 317
318
319
320
321
320 -> 321
322
325
67 -> 325
322 -> 325
326
327
322 -> 327
326 -> 327
330
319 -> 330
327 -> 330
331
332
327 -> 332
331 -> 332
333
334
332 -> 334
333 -> 334
335
336
335 -> 336
337
338
334 -> 338
337 -> 338
339
341
338 -> 341
343
344
339 -> 344
343 -> 344
346
344 -> 346
341 -> 346
347
348
346 -> 348
347 -> 348
349
350
348 -> 350
349 -> 350
351
318 -> 351
350 -> 351
352
351 -> 352
353
352 -> 353
354
355
353 -> 355
354 -> 355
356
357
358
357 -> 358
359
362
67 -> 362
359 -> 362
363
364
359 -> 364
363 -> 364
367
356 -> 367
364 -> 367
368
369
364 -> 369
368 -> 369
370
371
369 -> 371
370 -> 371
372
373
372 -> 373
374
375
371 -> 375
374 -> 375
376
378
375 -> 378
380
381
376 -> 381
380 -> 381
383
381 -> 383
378 -> 383
384
385
383 -> 385
384 -> 385
386
387
385 -> 387
386 -> 387
388
389
390
389 -> 390
391
394
67 -> 394
391 -> 394
395
396
391 -> 396
395 -> 396
399
388 -> 399
396 -> 399
400
401
396 -> 401
400 -> 401
402
403
401 -> 403
402 -> 403
404
405
404 -> 405
406
407
403 -> 407
406 -> 407
408
409
408 -> 409
410
407 -> 410
411
412
413
412 -> 413
414
417
67 -> 417
414 -> 417
418
419
414 -> 419
418 -> 419
422
411 -> 422
419 -> 422
423
424
419 -> 424
423 -> 424
425
426
424 -> 426
425 -> 426
427
428
427 -> 428
429
430
426 -> 430
429 -> 430
431
432
431 -> 432
433
434
433 -> 434
438
430 -> 438
439
441
442
438 -> 442
441 -> 442
443
442 -> 443
444
445
443 -> 445
444 -> 445
446
439 -> 446
445 -> 446
447
438 -> 447
446 -> 447
448
450
448 -> 450
447 -> 450
452
450 -> 452
453
454
452 -> 454
453 -> 454
456
450 -> 456
457
430 -> 457
459
430 -> 459
460
434 -> 460
461
462
463
462 -> 463
466
463 -> 466
434 -> 466
470
471
472
470 -> 472
471 -> 472
473
461 -> 473
463 -> 473
466 -> 473
463 -> 473
410 -> 473
387 -> 473
472 -> 473
475
387 -> 475
476
434 -> 476
477
410 -> 477
478
473 -> 478
479
480
482
483
484
483 -> 484
485
488
67 -> 488
485 -> 488
489
490
485 -> 490
489 -> 490
493
482 -> 493
490 -> 493
494
495
490 -> 495
494 -> 495
496
497
495 -> 497
496 -> 497
498
499
498 -> 499
500
501
497 -> 501
500 -> 501
502
503
502 -> 503
504
501 -> 504
505
506
507
506 -> 507
508
511
67 -> 511
508 -> 511
512
513
508 -> 513
512 -> 513
516
505 -> 516
513 -> 516
517
518
513 -> 518
517 -> 518
519
520
518 -> 520
519 -> 520
521
522
521 -> 522
523
524
520 -> 524
523 -> 524
525
527
524 -> 527
529
530
525 -> 530
529 -> 530
532
530 -> 532
527 -> 532
533
534
532 -> 534
533 -> 534
535
536
537
536 -> 537
538
539
67 -> 539
79 -> 539
67 -> 539
479 -> 539
480 -> 539
67 -> 539
504 -> 539
534 -> 539
535 -> 539
538 -> 539
541
67 -> 541
538 -> 541
542
543
538 -> 543
542 -> 543
546
535 -> 546
543 -> 546
547
548
543 -> 548
547 -> 548
549
550
548 -> 550
549 -> 550
551
552
551 -> 552
553
554
550 -> 554
553 -> 554
555
556
555 -> 556
557
558
557 -> 558
561
562
480 -> 562
561 -> 562
564
562 -> 564
558 -> 564
565
566
558 -> 566
565 -> 566
569
67 -> 569
566 -> 569
570
571
566 -> 571
570 -> 571
574
504 -> 574
571 -> 574
575
576
571 -> 576
575 -> 576
578
579
534 -> 579
578 -> 579
581
579 -> 581
576 -> 581
582
583
576 -> 583
582 -> 583
585
586
583 -> 586
585 -> 586
589
558 -> 589
586 -> 589
591
589 -> 591
583 -> 591
595
554 -> 595
596
598
599
595 -> 599
598 -> 599
600
599 -> 600
601
602
600 -> 602
601 -> 602
603
596 -> 603
602 -> 603
604
595 -> 604
603 -> 604
605
607
605 -> 607
604 -> 607
609
607 -> 609
586 -> 609
610
611
586 -> 611
610 -> 611
613
586 -> 613
615
554 -> 615
616
618
619
615 -> 619
618 -> 619
620
619 -> 620
621
622
620 -> 622
621 -> 622
623
616 -> 623
622 -> 623
624
615 -> 624
623 -> 624
625
627
625 -> 627
624 -> 627
629
627 -> 629
630
631
629 -> 631
630 -> 631
633
627 -> 633
634
554 -> 634
636
480 -> 636
637
583 -> 637
638
558 -> 638
639
554 -> 639
640
534 -> 640
641
504 -> 641
642
67 -> 642
643
644
643 -> 644
647
644 -> 647
611 -> 647
649
479 -> 649
647 -> 649
644 -> 649
650
651
652
651 -> 652
653
656
67 -> 656
653 -> 656
657
658
653 -> 658
657 -> 658
661
650 -> 661
658 -> 661
662
663
658 -> 663
662 -> 663
664
665
663 -> 665
664 -> 665
666
667
669
667 -> 669
665 -> 669
670
671
672
670 -> 672
671 -> 672
674
669 -> 674
676
677
672 -> 677
676 -> 677
678
677 -> 678
679
674 -> 679
678 -> 679
681
679 -> 681
669 -> 681
682
684
682 -> 684
665 -> 684
685
686
685 -> 686
687
689
687 -> 689
684 -> 689
690
692
690 -> 692
665 -> 692
693
694
693 -> 694
696
692 -> 696
697
699
700
696 -> 700
699 -> 700
701
700 -> 701
702
703
701 -> 703
702 -> 703
704
697 -> 704
703 -> 704
705
696 -> 705
704 -> 705
706
708
706 -> 708
705 -> 708
709
711
709 -> 711
692 -> 711
713
714
708 -> 714
713 -> 714
715
716
714 -> 716
715 -> 716
717
708 -> 717
718
719
718 -> 719
721
692 -> 721
722
666 -> 722
723
665 -> 723
724
726
79 -> 726
727
67 -> 727
728
729
728 -> 729
733
67 -> 733
734
63 -> 734
736
737
736 -> 737
741
724 -> 741
737 -> 741
742
743
737 -> 743
742 -> 743
745
724 -> 745
746
737 -> 746
747
748
747 -> 748
751
748 -> 751
743 -> 751
753
751 -> 753
748 -> 753
}